4.900701000000000362e-04
-3.056023000000000268e-04
-2.424803999999999968e-04
2.930825999999999982e-04
3.415466000000000140e-04
1.967975000000000009e-04
3.136570000000000091e-04
-8.778889999999999697e-04
3.581402000000000240e-04
4.915989000000000274e-05
2.630519000000000216e-04
2.653388999999999813e-04
-4.528712999999999749e-05
1.936104999999999922e-04
-2.438051999999999947e-05
2.809704999999999893e-05
7.344243000000000082e-04
-2.011071999999999979e-04
-4.816944999999999669e-05
1.131003999999999988e-04
2.213583999999999845e-05
8.510773999999999434e-05
2.427017000000000009e-04
1.332418000000000090e-04
1.122740999999999963e-04
-4.683551999999999708e-05
4.702959000000000046e-04
4.067416000000000022e-04
-1.321166999999999882e-04
8.383922999999999723e-05
2.347434999999999997e-05
-1.030454999999999945e-04
-2.523757000000000170e-04
-3.955389999999999818e-04
-2.652196999999999910e-04
-3.861555999999999930e-04
-4.926792999999999841e-04
-1.623264999999999984e-04
-2.880582999999999928e-04
-2.060966000000000013e-04
-3.474263000000000112e-04
-6.602566999999999833e-05
-2.966975999999999967e-04
-4.140120000000000063e-04
-3.954763000000000137e-04
6.985247000000000038e-05
1.081785000000000011e-04
8.229001000000000057e-05
-6.148077000000000056e-05
3.000906000000000233e-04
-1.227587000000000036e-03
-2.108987000000000074e-05
1.427850999999999892e-04
2.173037999999999980e-06
-4.293160999999999874e-04
1.274559999999999940e-04
3.949641000000000154e-04
-3.258962999999999921e-04
-1.671572999999999928e-04
2.447557000000000053e-04
-2.693417999999999832e-04
-2.745051999999999887e-04
-2.258816000000000025e-04
-2.082549000000000108e-04
-2.148382000000000059e-04
-4.399208000000000046e-04
2.782950000000000181e-04
-3.295551999999999987e-04
-3.217054999999999915e-04
-1.452156999999999927e-04
2.348022000000000065e-04
-7.424165000000000094e-05
-1.086906999999999994e-04
1.754648999999999944e-04
1.157692000000000062e-05
1.163681000000000014e-04
-4.603316999999999891e-04
8.706383999999999413e-05
3.029503000000000122e-04
8.404645000000000572e-05
9.852901000000000551e-05
6.228559000000000482e-04
1.053605999999999954e-04
3.067723999999999972e-04
2.456483999999999841e-05
2.591428000000000221e-04
2.061416000000000051e-04
-1.937555999999999851e-05
1.449231999999999951e-04
8.244176000000000466e-05
1.407459999999999972e-04
-8.751995999999999951e-05
1.886263000000000002e-04
-6.665337999999999981e-05
-2.071531999999999939e-05
-2.112236000000000015e-05
-1.624870999999999981e-05
-9.037682000000000658e-05
-1.577238000000000026e-05
-1.751909999999999969e-04
-2.363379999999999995e-04
-2.986727999999999909e-04
-5.975600000000000182e-04
-4.555127999999999733e-05
-1.217888999999999994e-03
-4.726625000000000032e-04
-6.246065999999999771e-04
-5.098840999999999790e-04
3.282226999999999703e-05
-4.704558000000000096e-05
3.479051999999999839e-04
-1.736979999999999893e-04
-5.321468000000000259e-05
-1.075026999999999965e-04
-6.590756999999999822e-04
1.242949999999999882e-04
3.369188000000000174e-04
2.592641000000000238e-04
-1.469685999999999942e-04
-1.069805000000000034e-04
-3.985829999999999885e-04
-6.264719999999999881e-04
-6.942012999999999700e-04
2.681782999999999867e-04
-9.894788999999999429e-05
-8.898037000000000405e-05
2.342634999999999976e-04
8.459505000000000247e-05
1.397779999999999888e-04
-3.048225000000000110e-04
1.565309000000000025e-04
1.423511999999999933e-04
-3.220474000000000296e-05
9.755974999999999847e-04
-3.247322000000000077e-04
1.360470999999999870e-04
-4.793716000000000302e-05
3.742401000000000017e-04
3.082820999999999804e-05
2.084331999999999884e-04
3.267793999999999972e-04
-4.123377000000000010e-04
-7.914604999999999687e-04
2.721625999999999952e-05
-8.274979000000000449e-04
-7.450536000000000218e-06
1.542760000000000116e-04
2.460989000000000232e-04
-8.723695000000000169e-05
-1.857712999999999877e-04
-1.412499000000000111e-04
-2.478132999999999877e-04
-9.613651999999999820e-05
-1.458887999999999982e-04
-1.440094999999999906e-04
-1.286853000000000129e-04
3.660758999999999758e-05
4.180025999999999881e-04
5.289204000000000258e-04
-2.314395000000000124e-04
-7.502381000000000566e-05
1.835410999999999900e-04
-1.452179000000000111e-04
-1.302297000000000003e-03
-2.731772999999999840e-03
-7.407426999999999848e-04
5.002151000000000281e-06
9.689132999999999513e-04
5.789766999999999483e-04
-2.021992999999999870e-04
-5.233896999999999942e-05
-2.297638999999999975e-04
-1.561254999999999945e-04
4.686275000000000054e-04
2.287396999999999879e-04
1.647514000000000096e-04
1.449074999999999972e-03
2.636470000000000133e-03
1.691161999999999960e-03
1.154632999999999961e-04
-1.240248000000000056e-04
-1.493525999999999903e-04
-1.460388000000000018e-04
-5.695849000000000224e-04
-3.407830999999999729e-04
-3.152100000000000127e-04
-1.471339999999999909e-04
-2.909879999999999997e-04
-3.470403000000000051e-04
-3.716368999999999857e-04
2.067793000000000007e-04
1.078368000000000006e-05
3.141515999999999925e-06
2.455010000000000200e-04
6.364908000000000555e-05
6.394770999999999832e-05
-7.085248999999999898e-05
1.614146999999999913e-04
-6.302894000000000508e-05
-1.390455000000000022e-04
-7.117964999999999536e-05
3.542344000000000113e-04
-6.672111999999999520e-05
1.432690999999999934e-04
-5.284017999999999796e-06
7.081682999999999804e-05
1.762358999999999909e-04
-5.207643999999999771e-05
1.878729999999999951e-04
1.647424000000000035e-04
1.954526999999999862e-05
-3.766586000000000261e-04
-1.211221999999999971e-04
2.150156000000000018e-04
3.082170999999999869e-04
1.862036999999999872e-04
6.660236999999999570e-05
1.760065999999999963e-04
1.167806000000000047e-04
1.525572000000000104e-04
1.919633000000000125e-04
2.449953999999999956e-04
3.850219999999999874e-05
-2.077876000000000094e-04
8.623989999999999401e-05
1.279905000000000073e-04
-8.022435999999999435e-05
-7.515022999999999961e-05
5.471916999999999537e-04
1.077150000000000012e-05
-4.884933000000000211e-05
1.237269000000000097e-04
5.669212999999999553e-04
-1.440070000000000054e-04
-4.408282000000000021e-04
-2.128187000000000026e-04
-1.007972999999999980e-04
-3.355728000000000205e-04
-3.015784000000000195e-04
6.612436999999999655e-04
-7.636305000000000404e-06
-4.205853000000000065e-04
4.015242000000000138e-04
5.577142999999999467e-04
4.850254999999999931e-04
3.937270000000000201e-04
-3.411455000000000086e-04
-4.511558000000000148e-04
-3.474716000000000089e-04
-2.391658000000000065e-04
-2.452395000000000090e-05
3.444874999999999912e-04
7.224198999999999508e-04
9.137634999999999800e-05
-7.947507999999999938e-05
-7.202992999999999766e-04
-5.793175000000000451e-04
-1.487611999999999946e-05
-3.699139000000000160e-04
1.340889000000000057e-03
1.131158000000000055e-04
2.055846999999999970e-04
3.319107000000000069e-04
-1.955825999999999865e-04
2.028041999999999920e-04
9.758218000000000360e-04
1.037802999999999903e-03
-1.105171999999999996e-04
-1.039048000000000017e-04
-1.788096000000000032e-04
-1.671963999999999905e-04
2.940493999999999769e-04
-9.362839000000000567e-05
-1.106124999999999985e-04
-6.328255999999999335e-05
-4.865046999999999839e-04
2.100501999999999968e-04
7.700198000000000437e-05
3.269390999999999747e-04
1.203623000000000046e-04
7.570924999999999346e-05
4.722121000000000185e-05
-9.835135000000000492e-05
2.352115999999999962e-04
1.404091999999999905e-04
3.260666000000000063e-04
2.229005000000000049e-04
9.843295999999999480e-05
-9.166406999999999794e-07
1.713914999999999937e-04
-7.965645000000000202e-05
-7.811829999999999642e-04
-3.410145999999999859e-04
-3.815406000000000244e-04
-2.226188000000000038e-04
-8.534089999999999602e-04
6.760137000000000257e-06
-1.556135000000000103e-04
-2.260717999999999994e-04
-4.011431999999999780e-05
-2.614291999999999940e-04
-1.314943000000000058e-04
-2.207700999999999956e-05
-2.513141000000000203e-04
-1.834546999999999903e-04
-8.304379999999999932e-05
-4.495332999999999740e-05
-3.144435999999999721e-05
2.664211000000000096e-04
-3.007753000000000271e-04
-7.702971999999999337e-05
-1.115644000000000054e-04
-2.977041999999999948e-04
1.850598000000000065e-04
4.189996999999999992e-05
-1.307507999999999984e-05
-4.583990000000000135e-05
8.064154000000000650e-06
-2.266648999999999921e-04
1.565944000000000063e-05
4.793174999999999725e-05
-1.677284999999999985e-05
2.308470999999999874e-04
-1.040617999999999936e-04
1.959715999999999992e-05
-4.404596000000000205e-05
-1.522065999999999870e-04
6.306031000000000407e-05
-9.983842000000000421e-05
-2.562937999999999957e-04
-8.015902000000000422e-05
-1.328585000000000020e-04
-3.221056999999999745e-05
-2.031275000000000029e-04
2.543760000000000053e-04
6.518444999999999556e-05
-2.029915000000000029e-04
1.710151999999999885e-04
-1.929401999999999929e-04
2.332673000000000019e-05
4.148310000000000268e-05
-1.093618000000000004e-04
1.259773000000000110e-04
-3.619171000000000183e-05
-3.083243999999999850e-04
2.286423000000000047e-04
-1.720710999999999931e-04
-3.047815000000000058e-06
1.844167000000000126e-04
-4.231919999999999963e-05
-5.634591000000000209e-04
3.878937999999999961e-04
5.218087999999999904e-05
1.503003999999999950e-04
3.485731000000000051e-04
2.113786000000000094e-04
-8.397228999999999490e-05
2.803795999999999879e-05
2.723059999999999980e-05
-2.851257000000000270e-04
-1.932465000000000072e-04
-1.410162999999999868e-04
4.196346999999999686e-05
-1.688976999999999872e-04
-2.715313000000000137e-05
8.586203000000000097e-05
-7.504416000000000623e-05
5.043133999999999681e-04
5.280016999999999697e-04
2.141187999999999870e-04
2.726995000000000138e-05
2.530871999999999983e-04
8.526961999999999693e-04
4.814390000000000097e-04
3.105426999999999905e-04
5.134525999999999500e-04
-3.343773000000000215e-05
5.474108000000000207e-05
4.446807999999999794e-04
2.814218999999999965e-04
-9.803283000000000309e-05
-2.340663999999999991e-05
3.099536999999999865e-04
7.391728000000000187e-04
2.569943000000000206e-04
2.895214000000000229e-04
-1.189533999999999985e-04
-4.570220999999999827e-05
1.785277999999999952e-04
2.420204999999999980e-04
-1.154851999999999967e-04
5.732508000000000308e-04
4.042612000000000115e-04
1.609965999999999828e-02
-1.506804000000000043e-03
-8.648888999999999720e-05
-7.993821999999999441e-05
1.294580000000000036e-03
-4.751662000000000247e-04
-6.457204000000000459e-04
-6.988807000000000526e-04
-2.242542999999999918e-05
-6.425650999999999780e-05
2.224729999999999958e-04
1.605843000000000027e-03
7.098084999999999855e-04
6.500203000000000079e-05
1.649677999999999963e-04
-1.802592000000000105e-04
1.704571999999999983e-05
-2.777286000000000229e-04
5.763350000000000309e-05
-4.538472000000000074e-05
-3.924657999999999923e-04
-2.258302999999999916e-04
-1.387067999999999982e-04
-3.596537000000000019e-04
-4.428788999999999925e-04
-4.171893000000000004e-05
-4.069049000000000147e-04
-4.006001000000000136e-04
-5.768356999999999565e-04
-2.016917999999999923e-04
-3.899883999999999946e-04
-6.816664999999999964e-04
-2.069042999999999902e-04
-1.014692000000000008e-04
-2.230816000000000157e-05
-2.804552999999999777e-04
-2.375082000000000040e-04
-2.449924000000000025e-04
-8.348907000000000463e-05
-6.975681000000000340e-05
-2.683650000000000098e-04
-2.471872999999999974e-04
1.498495000000000024e-04
-2.791938999999999901e-04
-5.436238999999999910e-05
1.635425000000000084e-04
-3.523964999999999997e-04
-1.818753999999999900e-04
-1.649420000000000074e-04
-2.510120999999999815e-04
-5.514818000000000026e-05
-3.553585999999999963e-04
-1.342601000000000124e-04
-2.572451000000000148e-05
-1.597543999999999896e-04
3.799257999999999802e-05
-1.627501000000000056e-04
3.528662999999999727e-05
-1.792014999999999884e-04
-2.313941999999999876e-04
-1.450005999999999886e-04
-8.843881999999999904e-05
-2.949728000000000162e-05
-2.301683999999999967e-04
1.360702000000000004e-05
-5.106137999999999731e-05
1.539784999999999895e-04
-1.122682999999999971e-04
-1.577413000000000003e-04
-1.445111000000000063e-04
-5.793217999999999935e-04
-3.167558000000000006e-04
6.864793000000000598e-05
-6.370437000000000278e-04
-2.397560000000000132e-04
-6.401033000000000417e-04
-6.872150999999999520e-04
-5.115534000000000140e-04
-3.614611000000000213e-04
-2.238052000000000032e-04
7.379653999999999598e-04
1.354710000000000072e-03
2.300118999999999992e-04
8.922453999999999802e-04
-2.941397999999999853e-05
2.636221999999999914e-04
-1.125127999999999979e-04
5.949243000000000191e-05
-8.976524999999999576e-06
2.218684000000000118e-04
-1.294218999999999882e-04
9.096149000000000584e-05
9.591367999999999476e-05
-2.897404000000000017e-05
-5.579675999999999804e-05
-6.513568999999999978e-05
-1.041538000000000056e-04
-1.953210999999999958e-05
2.940490000000000031e-04
1.794339000000000101e-04
8.775633000000000077e-05
-8.142642000000000499e-06
9.417333000000000388e-05
1.512801999999999886e-04
7.458288000000000580e-05
-3.297775000000000185e-04
7.529676000000000446e-05
1.493037000000000118e-04
3.300624000000000266e-04
-6.136442000000000632e-05
-5.668995000000000024e-04
9.151505999999999790e-05
2.218893000000000102e-04
1.662622999999999955e-04
4.891776999999999904e-05
3.172240999999999906e-04
4.265987000000000056e-04
4.664655000000000082e-04
1.902680000000000018e-04
2.023574999999999951e-04
2.317238000000000056e-04
5.444501999999999935e-04
4.382810000000000004e-04
-1.450975999999999980e-04
2.557751999999999834e-04
6.276819000000000593e-05
3.364643000000000169e-04
2.235479000000000014e-04
-3.641036999999999746e-04
-1.663093000000000037e-04
6.799205999999999696e-04
5.268659000000000406e-04
1.723868999999999944e-04
2.779562000000000070e-04
3.968180000000000080e-04
1.867283000000000126e-04
4.506496999999999825e-04
2.846650000000000265e-04
3.251225000000000030e-05
-5.114787000000000332e-05
-2.615855999999999845e-04
-1.584145000000000060e-05
-2.495231000000000098e-04
-1.037067000000000010e-05
-1.338564999999999948e-04
6.833198999999999491e-05
-2.553346000000000066e-04
1.965982999999999978e-04
2.597820000000000142e-05
-1.994869000000000026e-04
-1.934191999999999997e-04
4.226807999999999867e-04
8.671135000000000388e-04
1.819110999999999938e-04
4.978336999999999969e-05
6.566032999999999549e-04
4.287127000000000060e-04
1.048580000000000047e-04
-1.315153000000000112e-04
-5.098949999999999690e-05
5.020100000000000267e-05
-6.007054000000000305e-05
7.342212999999999832e-05
5.741192999999999904e-04
1.184627999999999985e-06
1.529480000000000000e-04
4.482557999999999985e-04
8.204779999999999734e-05
3.185918999999999947e-04
1.156128999999999989e-04
-6.416016999999999899e-06
-3.838779999999999862e-05
2.212531999999999910e-04
-6.460107000000000523e-05
1.523310999999999958e-04
1.869057999999999885e-05
3.717548000000000206e-04
-3.727418999999999828e-04
3.148183999999999943e-04
-1.433859000000000056e-04
5.223358999999999468e-04
1.076090999999999994e-04
-1.149520000000000066e-04
-1.390844999999999929e-04
1.339920999999999940e-04
3.006751999999999906e-04
8.034884000000000167e-05
1.364338999999999949e-04
3.797071999999999752e-04
7.121221999999999698e-05
-3.488558000000000049e-06
8.337952999999999890e-05
3.362179999999999986e-04
7.570893999999999888e-05
9.129149999999999830e-05
1.515901999999999907e-04
-4.793335000000000076e-05
4.000426000000000313e-05
-3.197275999999999981e-04
1.136755000000000062e-04
1.362769999999999964e-04
-1.577085999999999896e-04
1.190550999999999979e-04
3.869187999999999859e-04
-2.035640000000000046e-05
1.607947999999999940e-04
-9.933550000000000802e-06
5.047359999999999867e-04
1.048875999999999917e-05
3.729771000000000106e-05
-6.510609999999999825e-06
-5.058311000000000231e-04
1.504017000000000071e-04
-5.172606000000000328e-05
-6.919690000000000151e-06
1.322750000000000033e-04
-2.476666999999999779e-04
1.528397999999999931e-04
1.161984000000000020e-04
-1.541605000000000091e-04
3.351227000000000025e-04
1.068519999999999995e-04
1.854728000000000041e-04
2.077470999999999951e-04
-5.115301999999999767e-05
8.150081000000000480e-05
-6.890298999999999469e-04
-1.119741000000000025e-04
-4.454635999999999814e-06
1.012232999999999970e-04
2.584668999999999834e-04
2.249757000000000015e-04
-2.291309999999999921e-05
2.133797999999999996e-05
6.234676000000000139e-05
-8.170197999999999664e-06
4.196178000000000061e-05
2.121872999999999852e-06
-3.148432000000000081e-05
-7.598643000000000103e-07
2.918767999999999970e-04
1.609726999999999979e-04
-7.109692999999999558e-05
2.772765999999999941e-05
1.323693000000000067e-05
-2.770752999999999931e-04
-6.944509000000000294e-05
-1.077694999999999988e-04
2.561888000000000229e-04
-2.150185999999999948e-04
-3.288335999999999885e-04
-1.339176999999999935e-04
7.642733000000000133e-05
-6.640080000000000027e-04
-5.920351999999999792e-05
2.608008999999999783e-04
-5.036326000000000474e-04
2.272125000000000002e-04
1.518119999999999959e-05
6.349061000000000028e-04
-1.166761000000000100e-03
4.364397000000000220e-04
3.728164000000000174e-05
1.509849000000000119e-04
8.229942000000000290e-04
-4.837653000000000047e-06
3.004408999999999986e-04
-2.430926999999999909e-05
2.757096999999999803e-04
1.330573000000000042e-04
1.428699000000000071e-03
1.109549999999999973e-04
1.569304000000000098e-03
-6.875870999999999546e-04
-4.764144999999999903e-04
1.241423999999999924e-04
1.541331999999999967e-04
2.517560000000000067e-04
2.026708999999999911e-04
8.171329000000000179e-04
-8.055738999999999478e-04
-1.200628000000000052e-04
5.099907000000000095e-04
2.791496000000000081e-04
6.677187000000000009e-04
4.104358000000000116e-04
3.060132000000000130e-04
1.575189000000000005e-04
-2.762859000000000105e-04
1.070898999999999940e-03
-6.431756000000000495e-04
-3.616717000000000087e-04
-1.788480000000000061e-04
-4.581607000000000127e-04
6.506803000000000456e-04
1.145060000000000001e-02
3.256153999999999819e-03
-3.289963000000000132e-04
1.081675000000000041e-03
-1.743118999999999937e-05
-3.532283000000000211e-06
1.417400999999999882e-04
-1.324464999999999931e-04
-6.088987999999999985e-05
1.584383999999999839e-05
3.807587999999999771e-04
2.099416000000000216e-03
-1.011207999999999985e-03
-8.273680000000000379e-05
2.158774000000000023e-03
1.445118000000000010e-03
1.819972999999999903e-03
4.140704000000000124e-05
-1.833439999999999983e-04
2.733090999999999993e-03
6.815529999999999982e-04
4.469071000000000024e-04
5.172227999999999635e-04
-1.154405000000000004e-04
-2.453236000000000240e-04
-1.356092000000000094e-04
3.670201000000000268e-05
-4.209020000000000166e-04
-3.723220000000000175e-04
-1.566128000000000127e-04
1.705303000000000027e-04
4.768229000000000185e-05
2.661061000000000155e-03
3.583632999999999914e-04
-3.104998999999999780e-04
3.460642999999999792e-04
-1.671878000000000123e-04
3.294430000000000101e-04
-8.758997000000000462e-05
8.742921999999999434e-05
1.945820000000000015e-04
2.350476999999999959e-04
-6.274534999999999379e-05
-7.966282000000000040e-05
-1.093291999999999967e-04
-2.321103000000000060e-05
3.183272999999999973e-05
-1.160471999999999958e-04
-1.681692999999999892e-04
-1.294637000000000121e-04
-3.555187000000000017e-04
-1.229424999999999973e-04
-2.455005000000000121e-04
1.568290999999999923e-04
4.155621999999999767e-04
-3.283889000000000231e-04
-9.613924999999999945e-05
-1.051085000000000051e-04
1.453392999999999927e-04
3.029446999999999999e-04
2.640079999999999836e-04
4.965343999999999737e-05
-2.545801999999999787e-04
3.195114999999999783e-04
-1.365871999999999990e-05
1.431746000000000030e-05
-1.281059000000000028e-04
4.319470000000000167e-04
2.409366000000000133e-04
-2.396103999999999921e-05
1.044451999999999940e-04
2.605274000000000088e-04
-8.718164000000000035e-04
-1.193559000000000070e-05
3.909879000000000110e-04
7.294184000000000431e-04
-1.559596999999999969e-04
-2.523235999999999773e-04
-2.403342000000000070e-05
2.797839000000000098e-04
3.794467999999999734e-04
7.370270000000000163e-04
6.724707000000000124e-04
2.443610000000000140e-04
8.649292000000000265e-04
3.084009999999999768e-04
2.143393999999999963e-04
3.365306999999999999e-04
7.818954999999999612e-04
-1.153396000000000027e-04
7.618586999999999636e-05
1.712101000000000161e-05
3.770153999999999953e-04
1.317431000000000092e-04
-9.708306999999999679e-05
2.592426999999999972e-05
9.721548000000000320e-05
1.087950999999999979e-04
-3.938659999999999861e-04
1.348952999999999958e-04
-2.013640999999999988e-05
-2.746593999999999880e-04
-1.974620000000000078e-05
1.924349999999999965e-04
-1.183810000000000038e-04
-9.673391000000000639e-05
-7.631938999999999911e-05
8.659022999999999173e-06
-2.704304000000000256e-04
-1.431416999999999987e-04
-4.454564000000000266e-04
-3.017365999999999733e-04
-2.752486999999999859e-04
1.399980000000000105e-04
1.847069000000000011e-03
2.086440999999999968e-04
1.209456000000000029e-03
-2.254759000000000006e-04
-3.301491999999999730e-04
3.422015999999999730e-04
2.797856999999999731e-04
3.807034999999999846e-04
5.274395999999999772e-04
3.380006000000000178e-04
3.727336000000000256e-04
3.289319999999999874e-04
-1.420399000000000086e-04
-2.190868999999999911e-04
-5.851132999999999871e-05
-1.237328999999999957e-04
-1.973446000000000011e-04
1.570560999999999886e-04
-4.247564000000000114e-04
-1.772087999999999897e-04
-1.688477000000000131e-04
-2.680000999999999889e-04
-4.058349000000000266e-04
-2.964870000000000092e-04
-6.413335999999999950e-04
-6.792116000000000006e-05
-8.676354000000000650e-05
-3.640342000000000187e-04
-3.353081999999999959e-04
-6.285763000000000418e-04
-2.726788999999999754e-04
-5.456216000000000278e-04
7.444503999999999900e-05
-5.135615000000000058e-04
-3.687920000000000022e-04
-2.393038999999999908e-04
-2.532599999999999977e-04
-5.189403999999999892e-04
-3.014421999999999783e-04
-3.429255999999999884e-04
2.990163000000000055e-05
-1.587833999999999882e-04
2.136906999999999902e-04
-8.692979999999999905e-06
1.944819000000000056e-05
-1.395261000000000125e-04
-8.846749999999999959e-05
-2.128905000000000109e-04
-3.668351999999999941e-04
1.049227999999999977e-04
-8.501374000000000506e-05
1.195511000000000013e-04
-2.773690000000000205e-04
-1.453793999999999959e-05
1.226908999999999877e-04
3.437336000000000254e-05
-4.704482000000000200e-05
7.788213999999999359e-05
2.159678000000000162e-05
-2.195605999999999863e-05
1.252555000000000072e-05
4.156149999999999840e-05
1.054055000000000058e-04
1.393908000000000038e-05
1.999872999999999885e-04
-1.713975999999999868e-04
-6.616213000000000346e-05
-1.967995999999999851e-05
2.144970999999999965e-04
-9.889188000000000633e-05
-2.127226000000000019e-04
9.896248999999999920e-05
3.051943999999999794e-04
6.401325000000000244e-05
2.651249999999999961e-03
-7.357269000000000048e-04
3.582842000000000128e-06
-8.367947000000000200e-05
-1.478007000000000095e-04
-1.006327000000000030e-04
-4.908369999999999899e-05
9.836612999999999531e-05
1.876690000000000086e-04
-1.767096000000000064e-04
-1.363451999999999969e-04
-1.880066999999999969e-04
-1.862793999999999973e-04
-2.557716999999999825e-04
-7.903501000000000547e-05
-3.824788000000000217e-05
3.006002000000000023e-04
-2.024922999999999925e-04
-7.000306999999999687e-06
-9.931122000000000560e-04
-9.217891000000000409e-04
-2.418959999999999893e-04
-4.515564000000000123e-05
-4.138948999999999732e-04
2.562242999999999856e-04
