0.0003211472
-0.0003410805
-0.0003546209
0.0003363811
0.0005952424
0.0001573030
0.0002995408
-0.0006437281
0.0010811750
0.0000575322
0.0002646754
0.0003979680
0.0001015605
-0.0000248404
-0.0000419092
0.0000460696
0.0005901717
-0.0001853460
-0.0001878470
0.0000947298
-0.0000484060
0.0001200058
0.0001899886
-0.0000833006
0.0000024610
-0.0001565440
0.0004602997
0.0003517483
-0.0001045954
0.0002579490
0.0000659422
0.0000149617
-0.0003924201
-0.0002090804
-0.0001922747
-0.0003348756
-0.0003713655
-0.0001609893
-0.0004045059
-0.0003897858
-0.0001304482
-0.0001383186
-0.0005141851
-0.0005262940
-0.0005083047
0.0000930070
0.0001639336
0.0001284574
-0.0000273799
0.0001890725
-0.0015539050
-0.0000714024
0.0000377271
0.0000684584
-0.0008480850
-0.0000230665
0.0004887439
-0.0002807268
-0.0001531308
0.0002209376
-0.0001917816
-0.0002642692
-0.0003652163
-0.0000626786
-0.0003063328
-0.0001814248
0.0003277727
-0.0003598201
-0.0002157416
-0.0000802631
0.0001571563
-0.0001277351
-0.0001641781
0.0001788148
0.0000498080
-0.0000445363
-0.0003909677
0.0000820441
0.0007145233
0.0001110894
0.0000428582
0.0003879883
0.0000999866
0.0005460868
0.0002155860
0.0002345389
0.0003614555
0.0000688373
0.0001221007
0.0000724442
0.0000401896
0.0000461383
0.0000034993
-0.0000815687
-0.0000977683
-0.0000161277
0.0001473942
-0.0001858393
0.0001900804
-0.0001300216
-0.0000589135
-0.0002382260
-0.0006383985
-0.0002493027
-0.0012780650
-0.0004865626
-0.0006760740
-0.0005027228
-0.0001868992
0.0001089230
0.0002838036
-0.0001989803
-0.0000501133
-0.0002359902
-0.0002043742
0.0001814008
0.0002436961
0.0001626559
0.0000845073
-0.0000766785
-0.0003563242
-0.0008724803
-0.0008467232
0.0003711550
-0.0000978580
0.0001329039
0.0001561988
-0.0000183374
0.0000028370
-0.0000892682
0.0000442232
0.0000748125
-0.0003534293
0.0007986043
-0.0005735279
0.0000030476
-0.0001527521
0.0005193513
0.0005662453
0.0000433426
0.0000905461
-0.0005418942
-0.0005460959
-0.0000066770
-0.0008307514
-0.0000223540
0.0002381044
-0.0000092188
-0.0002838250
0.0000316797
-0.0000944405
-0.0001578391
0.0000174972
-0.0001824826
-0.0000018631
-0.0002253349
0.0001535981
0.0002648533
0.0005240126
-0.0003333913
0.0001110044
0.0000406607
-0.0000544498
-0.0010386650
-0.0026970870
-0.0003316981
-0.0002432952
0.0009496389
0.0007811771
-0.0001447978
-0.0000229884
-0.0001398839
-0.0001043601
0.0007567835
0.0003086605
0.0000925150
0.0015532140
0.0016509100
0.0014490990
0.0000727925
-0.0001966351
-0.0003685955
-0.0000958169
-0.0004217541
-0.0002895532
-0.0002920174
-0.0001802073
-0.0002387344
-0.0005971517
-0.0005242551
0.0002020439
-0.0000294765
-0.0001132276
0.0001878014
-0.0000721923
0.0000642676
-0.0001610954
0.0000229765
-0.0000704455
0.0000284530
-0.0000374469
0.0003010108
-0.0001286507
0.0000648505
0.0000868330
0.0000927771
0.0001137750
0.0000327963
-0.0001296284
0.0001299459
-0.0001584513
-0.0003320861
-0.0000982351
0.0002496934
0.0002004742
0.0002334388
0.0005392101
0.0000891320
0.0001805410
0.0001418475
0.0001805626
0.0001339621
0.0000937133
-0.0001136549
0.0000498902
0.0002030602
0.0002407282
-0.0000828000
0.0001485277
-0.0001535805
0.0000303121
-0.0001719798
0.0010830880
-0.0001894283
-0.0001745757
-0.0002317012
-0.0001192769
-0.0002504379
-0.0003738675
0.0004043501
-0.0000786475
-0.0004180842
0.0001406314
0.0003893035
0.0001810289
0.0002476658
-0.0000341775
-0.0007501669
-0.0003699635
-0.0001469146
0.0005378412
0.0001346561
0.0003958550
0.0004911588
-0.0000174134
-0.0007527780
-0.0004334155
0.0000054672
-0.0002546656
0.0010959060
0.0003155072
0.0001279785
0.0003793547
-0.0001901182
0.0003172566
0.0009823477
0.0009327140
-0.0001255166
-0.0000700221
0.0000340008
-0.0005181108
0.0003166202
-0.0001028668
0.0000267329
-0.0000842089
-0.0003776128
0.0002930843
0.0000982350
0.0000454899
0.0001023899
0.0000110467
0.0002732612
-0.0002140183
0.0002489535
0.0001964383
0.0003362842
0.0002879085
0.0001237218
0.0002180532
0.0003988690
0.0000112099
-0.0009326208
-0.0003363877
-0.0002288792
-0.0002977754
-0.0005202217
0.0001989132
-0.0003151782
-0.0000894967
-0.0000981073
-0.0000193810
-0.0000894495
-0.0001559617
-0.0001702090
-0.0002554056
-0.0001799400
-0.0001778191
-0.0000964633
0.0001617544
-0.0001594837
-0.0000758094
0.0000049728
-0.0004496417
-0.0000075375
0.0000166523
0.0000093674
-0.0001189663
0.0000174380
-0.0001057275
0.0000083075
0.0001262516
-0.0000590067
0.0000750554
-0.0000966431
-0.0002427891
-0.0001049825
-0.0001464309
-0.0001875146
-0.0000933494
-0.0001410524
-0.0000244491
-0.0000683615
-0.0000624666
-0.0001437651
0.0003841695
0.0000576034
-0.0001062306
0.0002697872
-0.0001888800
0.0001269890
-0.0000164782
-0.0001054357
0.0002118634
0.0000458512
-0.0001296141
0.0002290035
-0.0003373820
0.0001574627
0.0001546903
-0.0000091764
-0.0005236702
0.0002842124
0.0002120408
0.0004909041
0.0004468358
0.0000884697
-0.0000358223
-0.0000691560
-0.0000534958
-0.0001544878
-0.0001748249
-0.0002842432
-0.0000111005
-0.0000914664
-0.0000032076
0.0005791227
0.0001865484
0.0003537632
0.0004399733
0.0000062251
-0.0000287439
0.0004234745
0.0008116336
0.0000843035
0.0003931580
0.0003618060
0.0001441866
-0.0000401569
0.0005328042
0.0002438499
-0.0000302437
-0.0000651486
0.0005320448
0.0007215727
0.0001804693
0.0003811356
-0.0001557107
0.0000257771
0.0002021145
0.0003745064
-0.0000627461
0.0004255081
0.0003448321
0.0130564000
-0.0012254100
-0.0001844528
-0.0001403370
0.0014338930
-0.0000941900
-0.0007242915
-0.0007967030
-0.0000756291
-0.0000711980
0.0001995751
0.0015363100
0.0009758092
0.0000153800
0.0001420502
-0.0002676614
-0.0000473089
0.0000684336
0.0000558143
-0.0001858215
-0.0005325050
-0.0003778435
-0.0001361713
-0.0004251821
-0.0000969560
-0.0001112283
-0.0003468675
-0.0001649679
-0.0003674528
-0.0000991707
-0.0003372418
-0.0003798856
-0.0002273689
-0.0002651084
-0.0002129683
-0.0002166921
-0.0000277548
-0.0002005061
-0.0000526663
-0.0002921399
-0.0000784134
-0.0003351404
-0.0002917365
-0.0002582187
-0.0001505685
0.0001866097
-0.0002368943
-0.0003031029
0.0000652014
-0.0003973545
-0.0001532342
-0.0004468042
-0.0001472068
-0.0000039139
-0.0001016014
-0.0000550600
-0.0000613808
-0.0000846078
-0.0001473435
-0.0002352415
-0.0001104676
-0.0001500496
0.0000484391
-0.0001607030
-0.0000875570
-0.0001462529
-0.0003866514
-0.0002285562
-0.0001999490
-0.0002682767
-0.0004769808
-0.0003298820
0.0000953549
-0.0005028133
-0.0002583951
-0.0005746386
-0.0002722822
-0.0005241519
-0.0003825797
-0.0007352905
0.0010375050
0.0009820572
0.0003543108
0.0008275016
-0.0000695307
-0.0001027967
-0.0000828999
-0.0001262569
-0.0001729393
0.0000934329
-0.0002203793
0.0001730275
0.0000189806
-0.0000192465
-0.0000269546
-0.0000540393
0.0000249318
0.0000896302
0.0003619412
0.0002760337
0.0000580585
-0.0000901715
0.0000253219
0.0000484431
0.0000573280
-0.0005100164
-0.0002997266
0.0002735064
0.0000722370
-0.0001224490
-0.0006908417
0.0005094166
0.0001768147
0.0001200494
0.0000381105
0.0004735465
0.0003890081
0.0006670361
-0.0000188299
-0.0001751088
0.0003163919
0.0006512708
0.0001144708
-0.0000338941
0.0001366982
0.0001339891
0.0005558816
0.0001592659
-0.0000436552
0.0000011027
0.0000771425
0.0003596035
0.0006374997
0.0004307442
0.0004426649
0.0004571974
0.0001708667
0.0001720026
0.0000110229
-0.0001230416
-0.0001181990
-0.0001561331
-0.0002311963
-0.0000161427
-0.0000721056
0.0000706402
-0.0001703222
0.0001992190
0.0003189952
-0.0002693387
-0.0000770884
0.0000335061
0.0001570373
0.0001808201
0.0000190482
0.0002897472
0.0006473888
0.0000184718
-0.0003178853
0.0000655686
-0.0000510672
-0.0000541810
0.0002142346
0.0001011387
0.0000126617
0.0001177547
0.0008018204
0.0000921620
0.0002387159
0.0003999557
0.0000638123
0.0000293270
0.0000045813
0.0000385727
0.0002613623
0.0001210005
0.0004889799
-0.0002635970
0.0001641599
-0.0003058645
0.0004696711
0.0000742673
-0.0002399878
-0.0002272819
0.0003019287
0.0000345387
0.0001212705
0.0001548585
0.0003217733
0.0001561281
0.0005716091
-0.0000574955
-0.0000933910
-0.0003305194
0.0000834379
0.0000475407
0.0000490834
0.0000814529
-0.0003099352
0.0004088801
0.0003500036
-0.0001423742
0.0000401624
0.0004650619
-0.0000243172
0.0003882074
0.0002415354
0.0002908668
-0.0000671793
0.0005973306
-0.0000668538
0.0003176271
0.0005210702
-0.0000639044
-0.0001200371
0.0001380045
-0.0001402153
0.0002412374
0.0003046782
-0.0003835688
0.0001349119
0.0000517474
0.0001623629
-0.0001342877
-0.0000238020
0.0000171341
-0.0014129670
-0.0000089420
-0.0001562828
0.0001820755
0.0000828229
0.0002073730
-0.0000388850
0.0000834732
0.0000624420
0.0000077202
0.0000864796
-0.0000276755
-0.0001073598
0.0000605051
0.0002737402
0.0000129049
-0.0001236966
0.0000652813
-0.0001314784
-0.0003820260
0.0000697837
-0.0000444741
0.0002675791
-0.0000802305
-0.0004822696
-0.0000426537
0.0000393400
-0.0007046086
0.0000349830
0.0000915852
-0.0003003857
0.0001098602
0.0002252893
0.0001908211
-0.0009310855
0.0002282944
0.0000856835
0.0001020437
0.0006162734
-0.0000391793
0.0002609837
-0.0000212415
0.0001494249
-0.0000114937
0.0017383200
0.0001256542
0.0016030600
-0.0005816018
-0.0003887961
0.0001012128
0.0002138876
0.0002161773
0.0004342252
0.0006057295
-0.0008976063
-0.0001408971
0.0004588428
0.0002717981
0.0004073257
0.0003444719
0.0000095583
0.0004745760
-0.0002813871
0.0006248096
-0.0005408651
-0.0002364373
-0.0001875196
-0.0006423909
0.0007928791
0.0091431890
0.0032529390
-0.0001210792
0.0008449388
0.0000231194
-0.0000008518
0.0002127291
-0.0001812693
-0.0001530278
0.0001027162
0.0004038585
0.0015591740
-0.0011413380
-0.0000799377
0.0017157530
0.0013557570
0.0019187790
0.0000539233
-0.0000324291
0.0031243180
0.0004383514
0.0004274773
0.0006954423
-0.0001580242
-0.0001092165
0.0001483484
0.0000577639
-0.0005224414
-0.0002399784
-0.0002278165
0.0001236390
0.0000611782
0.0026248670
0.0002503141
-0.0001903238
0.0002262580
-0.0000859111
0.0002187016
0.0001517868
0.0001959535
0.0002955595
0.0003182670
-0.0002164845
0.0000600570
-0.0001314365
-0.0000328827
0.0002416528
0.0000102259
-0.0002054436
-0.0001528992
-0.0004855209
-0.0000799167
-0.0003760262
0.0001357814
0.0001176349
-0.0001786379
-0.0001298040
-0.0002990987
0.0003231018
0.0003472317
0.0004556557
0.0000792131
-0.0002458256
0.0003905216
-0.0000199792
0.0000329790
-0.0000424599
0.0006283679
0.0000704950
-0.0000341854
0.0000219207
0.0000281681
-0.0005146755
0.0000867157
0.0003571611
0.0002898239
-0.0003211078
-0.0002098394
0.0000078667
0.0000447816
0.0009482153
0.0004050801
0.0005617639
0.0001189268
0.0004851080
0.0001458486
0.0003893515
0.0005782267
0.0003586275
-0.0001499532
0.0000434855
-0.0000766331
0.0000984298
0.0000248517
0.0000412167
-0.0000502998
0.0001044799
0.0000717484
-0.0005215306
0.0001474204
0.0000111772
-0.0005504568
-0.0000493259
0.0001503762
-0.0000609721
0.0000126888
0.0000645730
0.0000319369
-0.0005287557
-0.0001731641
-0.0005728044
-0.0001715610
-0.0000675641
0.0002218082
0.0020902100
0.0002670526
0.0009495979
-0.0001979245
-0.0003970594
0.0004952864
0.0002005374
0.0003594782
0.0004733570
0.0005183173
0.0003207267
0.0002635539
-0.0002951416
-0.0002479827
-0.0006769599
-0.0001627577
-0.0001250289
0.0001870351
-0.0003737376
-0.0000975379
-0.0001312235
-0.0001813503
-0.0003317599
-0.0000506868
-0.0003879907
-0.0002713697
-0.0000281615
-0.0002925244
-0.0004860670
-0.0001060874
-0.0005903987
-0.0003768881
0.0000985985
-0.0002530413
-0.0004397008
-0.0003568721
-0.0004489986
-0.0002369568
-0.0002916265
-0.0004191008
0.0001420053
-0.0001901097
0.0000596346
0.0001459149
0.0001349482
-0.0000782245
-0.0001511697
-0.0000487283
-0.0002783292
0.0001330408
-0.0000194610
-0.0000629699
-0.0001173092
-0.0001534985
0.0000766271
-0.0000234778
-0.0001167444
-0.0000737461
0.0000789809
-0.0000055859
0.0001532212
0.0000810942
-0.0000459864
-0.0000025138
0.0001093834
-0.0001024196
-0.0001169111
-0.0001053142
0.0002871612
-0.0001062491
-0.0001743188
0.0000316053
0.0002035414
0.0001386210
0.0042683950
-0.0004274979
-0.0000930048
-0.0000081568
-0.0001416811
-0.0003773266
0.0000116796
-0.0000588966
0.0001059163
-0.0002287448
-0.0003746553
-0.0001193069
-0.0002288706
-0.0001310817
-0.0000035099
-0.0001751497
0.0003034056
-0.0001260300
-0.0000328099
-0.0009135121
-0.0015791770
-0.0002848102
-0.0000268532
-0.0003121675
0.0005468715
