9.712721999999999805e-04
-7.812051000000000195e-04
-1.492431000000000009e-04
5.639564999999999596e-04
6.782739000000000519e-04
1.080664999999999968e-03
9.390400000000000353e-04
-2.454383000000000085e-03
7.731214000000000142e-04
9.410830999999999548e-05
4.829589000000000017e-04
3.612612999999999762e-04
-2.310659999999999913e-06
8.160781999999999617e-05
3.691615000000000196e-04
-1.064477000000000007e-04
8.201956000000000047e-04
-4.320163999999999927e-04
-8.610661999999999450e-05
2.699751000000000234e-04
2.308439999999999874e-05
1.025226000000000067e-04
1.478614000000000003e-04
6.282012000000000663e-05
1.940896000000000060e-04
-1.677430999999999898e-04
6.479855999999999984e-04
5.762163000000000484e-04
-3.045422999999999793e-04
2.129688000000000132e-04
6.169152999999999920e-05
-9.430528000000000521e-05
-4.288248999999999945e-04
-4.787359000000000254e-04
-4.536197000000000167e-04
-4.462385000000000136e-04
-6.110427000000000306e-04
-2.398423000000000059e-04
-5.605208999999999886e-04
-3.694823000000000183e-04
-6.311516000000000305e-04
-2.683429000000000088e-04
-6.222314000000000274e-04
-4.412301999999999891e-04
-8.441950999999999839e-04
4.309852999999999883e-04
3.406319000000000209e-04
2.253292999999999908e-04
1.344371999999999874e-04
4.796695000000000125e-04
-2.929084000000000201e-03
7.972324999999999941e-05
1.990213999999999915e-04
2.922668000000000119e-04
-5.033722000000000456e-04
1.506130999999999963e-04
7.392561000000000184e-04
-5.543266000000000469e-04
-2.883896999999999741e-04
4.020230999999999761e-04
-6.030379000000000425e-04
-2.594820999999999868e-04
-3.032576000000000152e-04
-2.172165999999999897e-04
-1.633693000000000081e-04
-4.083005000000000119e-04
2.298736000000000008e-04
-3.397305000000000095e-04
-3.421850000000000044e-04
-2.433850999999999951e-04
5.316223999999999603e-04
-2.456030999999999796e-04
-1.099920999999999934e-04
1.643081999999999865e-04
4.890590000000000215e-05
2.664904999999999856e-04
-3.721592999999999928e-04
2.126056000000000029e-04
7.957780999999999492e-04
2.791846000000000171e-04
1.147685000000000041e-04
9.486804999999999847e-04
1.204630999999999953e-04
1.226419000000000077e-03
1.714039999999999940e-05
2.697236000000000208e-04
-7.344548000000000547e-05
1.486145999999999984e-04
2.481458999999999987e-04
8.393162999999999655e-05
1.130886000000000001e-04
-1.054496999999999943e-04
-1.409416999999999994e-04
-6.886823999999999507e-05
-8.078309999999999571e-05
9.748215999999999706e-06
-1.921550000000000059e-04
-5.343029000000000170e-05
-3.969653999999999788e-05
-3.507679000000000200e-04
-8.956138000000000206e-04
-6.753078000000000466e-04
-6.280040999999999662e-04
-4.967519000000000101e-04
-1.786379999999999956e-03
-2.485319000000000048e-04
-8.168259999999999887e-04
-2.586393999999999889e-04
-1.917269999999999890e-04
5.492115000000000186e-05
7.273498000000000203e-04
-3.721441999999999936e-04
-2.272449999999999969e-04
-7.218181999999999528e-05
-8.757394999999999524e-05
2.122732000000000058e-04
3.688518000000000113e-04
1.892631999999999941e-04
1.827094000000000095e-05
-1.340192999999999994e-04
-7.939979000000000437e-04
-1.057142000000000064e-03
-8.734376000000000076e-04
7.058753000000000076e-04
-6.970332000000000199e-05
3.948917999999999992e-05
6.973170999999999580e-04
-1.910128999999999885e-04
1.901399000000000123e-04
9.126856999999999342e-05
2.303000999999999941e-04
1.825163999999999996e-04
-2.341288000000000071e-04
1.117460999999999932e-03
-3.305014999999999798e-04
2.627994999999999832e-04
-2.961188000000000015e-04
3.506555999999999974e-04
4.707746000000000174e-04
1.230031000000000082e-04
5.129787000000000019e-04
-6.815153999999999700e-04
-1.088739000000000026e-03
5.752403000000000225e-05
-1.467072999999999945e-03
1.131167000000000007e-04
8.813210999999999669e-05
7.882555999999999547e-04
-4.328790000000000003e-04
3.296106000000000253e-05
-1.691000999999999973e-04
3.544770999999999675e-05
1.106922000000000038e-04
-6.846671999999999828e-04
-1.462039000000000081e-05
-8.463604000000000223e-04
-7.782815000000000463e-06
5.518628999999999505e-04
9.893752000000000883e-04
-3.659781000000000189e-04
2.101903000000000126e-04
1.456744999999999958e-04
-8.925708999999999553e-05
-2.337823000000000158e-03
-7.647608999999999657e-03
-6.846705000000000239e-04
-1.925588000000000104e-04
8.960278999999999596e-04
3.024925000000000248e-04
-2.360572000000000072e-04
-2.717309999999999908e-04
-3.104372999999999898e-04
-4.816131999999999987e-04
3.512348000000000206e-04
2.277261999999999949e-04
4.652675999999999904e-04
7.738912999999999608e-04
9.958370000000000676e-04
5.932370999999999651e-04
1.457654000000000122e-04
-1.071510999999999980e-04
-5.690825000000000050e-04
-5.337463999999999826e-05
-4.711768000000000184e-04
-3.376175000000000248e-04
-2.688405000000000157e-04
3.477666999999999987e-05
-2.396544999999999871e-04
-3.334101000000000013e-04
-4.120433999999999859e-04
4.237805000000000196e-04
2.565575999999999981e-05
-1.942803999999999907e-04
3.849063000000000115e-04
1.592925999999999934e-04
1.617625999999999884e-04
-9.562726000000000234e-05
1.789465000000000120e-04
7.190598999999999999e-06
-1.390870000000000051e-04
-2.755165999999999974e-04
1.677151999999999896e-04
-4.522533999999999821e-05
3.081175999999999924e-04
2.309528000000000091e-04
6.676851999999999614e-04
1.290478000000000014e-04
-1.523006000000000034e-04
-1.591862000000000040e-04
3.932909000000000058e-04
3.361222000000000190e-04
-6.946027999999999491e-05
-8.640975000000000392e-05
9.113205999999999564e-04
3.440156000000000203e-04
4.406440999999999982e-04
5.742144000000000024e-04
2.949699000000000166e-05
6.328383000000000359e-04
3.525711999999999880e-06
3.069859999999999776e-04
2.979923999999999898e-04
3.137433999999999818e-04
-3.571165999999999750e-04
3.852977000000000160e-04
4.105639000000000012e-04
2.327033000000000053e-04
-2.514508999999999950e-04
5.985326999999999488e-04
-1.041958000000000028e-04
-1.073840999999999939e-04
-1.885234000000000118e-04
1.085524000000000037e-03
-9.602010999999999706e-04
-8.869268999999999938e-04
-3.389051999999999820e-04
-2.160412000000000009e-04
-1.524931999999999893e-03
-1.729833999999999972e-03
6.080443999999999953e-04
-2.112077999999999872e-04
-1.107848000000000036e-03
1.158584000000000046e-03
9.637108999999999823e-04
1.058188000000000054e-03
1.054377999999999913e-03
4.853998000000000210e-04
-1.366545999999999950e-03
-1.591699999999999929e-03
-1.177108999999999968e-03
5.243892999999999905e-04
7.007082000000000414e-04
4.352938999999999897e-04
7.190367999999999933e-04
5.156582000000000158e-05
-1.650126999999999931e-03
-3.183969000000000144e-04
-4.859930000000000241e-06
-8.073530999999999460e-04
8.121568999999999490e-04
3.660240999999999842e-04
5.841616000000000213e-04
7.922911000000000146e-04
-4.713820000000000076e-04
2.512330999999999918e-04
1.389697999999999975e-03
1.172513000000000027e-03
-3.015860999999999889e-04
-1.985663000000000033e-04
-1.504231000000000134e-04
-4.035466999999999830e-04
4.411714999999999756e-04
-4.732768000000000153e-04
-1.798299999999999909e-04
-1.079745000000000010e-04
-1.378024999999999953e-03
6.122941000000000234e-04
3.623823000000000083e-04
2.637531999999999941e-04
4.998627999999999535e-04
-3.612449000000000215e-05
2.168953000000000103e-04
-6.991758999999999951e-04
1.072372999999999973e-04
2.295800999999999875e-04
2.073516000000000020e-04
8.001035999999999945e-05
7.716629999999999334e-05
2.530812999999999921e-04
1.094025999999999950e-04
1.587802000000000083e-04
-1.373164000000000069e-03
-9.719529000000000027e-05
-1.738207000000000077e-04
-2.495816000000000093e-04
-7.662788999999999929e-04
-2.364067999999999877e-04
-6.254726999999999856e-04
-2.332172999999999939e-04
-1.464962999999999953e-04
-1.990640999999999971e-04
-4.881339000000000056e-04
-3.577968000000000164e-04
-3.509758000000000083e-04
-4.887016000000000103e-04
4.821332000000000276e-05
-3.138824999999999818e-04
1.354586999999999979e-04
5.291954999999999717e-05
-2.996513999999999818e-04
-2.807923000000000255e-04
-1.339928999999999957e-04
-6.194786000000000086e-04
3.807492999999999902e-04
1.761313999999999989e-04
5.765044000000000228e-05
-6.530078000000000195e-05
2.271208000000000092e-04
-5.542390999999999702e-05
3.145102000000000097e-04
1.629539000000000053e-04
-5.199995000000000008e-05
3.432463000000000072e-04
-2.595639999999999970e-04
2.555804000000000170e-04
-3.626306999999999838e-04
-1.956693999999999870e-04
-1.035741000000000016e-04
-2.539336000000000110e-04
4.837443999999999826e-05
-1.545332000000000064e-04
5.438106000000000163e-08
-1.031867000000000060e-04
-2.161737000000000001e-04
3.537831000000000179e-04
1.324665000000000098e-04
3.387772999999999794e-05
3.843931999999999774e-04
-1.171944000000000040e-04
1.158991000000000031e-04
9.426945000000000593e-05
-3.676360000000000153e-04
2.497503000000000201e-04
-1.912864000000000122e-04
-1.523673999999999873e-04
4.075185000000000049e-04
-2.643912999999999906e-04
-1.679553000000000079e-04
1.178540000000000002e-04
9.787352999999999938e-05
-1.318518999999999984e-03
5.058721000000000181e-04
1.828323999999999878e-04
2.685243999999999934e-04
4.290847999999999884e-04
3.141794999999999961e-04
2.433003000000000124e-05
-3.158712000000000260e-04
-1.588404999999999982e-04
-2.916282000000000076e-04
-9.302594999999999658e-05
-2.693217000000000137e-04
4.108412999999999995e-04
1.816397000000000085e-04
-7.804276999999999547e-05
2.976298999999999742e-04
-1.119224000000000043e-04
6.650571999999999994e-04
9.890564000000000126e-04
5.162586000000000041e-05
1.000897999999999984e-04
1.688178999999999884e-04
8.273411000000000263e-04
5.702113999999999799e-05
1.970875999999999932e-04
7.277648000000000493e-04
-5.279055999999999622e-06
5.434497000000000020e-05
2.961416000000000243e-04
-5.055133999999999770e-06
-1.521283000000000119e-04
-7.380319999999999838e-05
4.951660000000000089e-04
7.616463000000000400e-04
1.148599999999999947e-04
8.954822999999999559e-04
-3.547331000000000139e-04
-6.426793999999999779e-05
2.620060999999999918e-04
5.448096999999999619e-04
1.940983999999999982e-04
1.113955999999999931e-03
9.955388000000000778e-04
7.248471999999999728e-03
-3.437611000000000139e-03
-4.106366999999999982e-04
-3.418483000000000047e-04
8.941618000000000352e-04
-7.870388000000000514e-04
-2.881879999999999858e-03
-2.264079999999999912e-03
-9.016162999999999619e-05
-1.816475000000000121e-04
5.897120000000000486e-04
2.167969000000000059e-03
1.131513000000000007e-03
3.095779999999999691e-05
7.782370999999999896e-05
-4.783383000000000209e-04
-1.606064999999999945e-04
-2.950769000000000005e-04
-8.390116000000000631e-05
-3.187317000000000167e-04
-5.175539000000000051e-04
-2.611040000000000127e-04
5.555616000000000241e-06
-2.578527000000000054e-04
-5.233257999999999964e-04
-4.353760999999999937e-04
-2.281705999999999936e-04
-2.833649000000000150e-04
-6.923781999999999636e-04
-2.129564999999999930e-04
-1.892460999999999905e-04
-8.516698999999999754e-04
-3.835538000000000207e-04
-1.541245999999999914e-04
-5.699761999999999927e-04
-5.826953999999999641e-04
-1.286020000000000132e-04
-1.771362000000000067e-04
-3.838978999999999959e-04
-1.409171999999999931e-04
-1.147516999999999944e-04
-2.725006999999999777e-04
-2.346566999999999924e-04
-3.662501999999999988e-04
-2.577176999999999940e-04
3.650797000000000140e-05
-2.994505999999999752e-04
-4.938516000000000000e-04
-2.254888000000000085e-04
-4.368255000000000141e-04
5.398986000000000014e-05
-6.097735000000000394e-04
-1.609578999999999925e-04
-1.050676000000000035e-04
-1.602440000000000060e-04
-7.828645000000000666e-05
-9.596480999999999371e-05
-2.631798999999999771e-04
-9.694568999999999507e-05
-4.397032999999999953e-04
-2.796871000000000144e-04
-1.424866000000000056e-04
-6.440619000000000617e-05
-2.732141000000000105e-04
7.099624999999999979e-05
-3.931289999999999828e-04
-4.234421000000000094e-05
-3.492395999999999825e-04
-1.323596999999999925e-04
-3.928326999999999904e-04
-9.219074999999999753e-04
-3.839914000000000044e-04
-1.078949999999999961e-04
-8.176012000000000080e-04
-5.460228000000000130e-04
-9.167322999999999575e-04
-9.828497000000000709e-04
-5.716404000000000233e-04
-3.668788000000000084e-04
-5.446522000000000299e-04
9.058891000000000339e-04
1.467538999999999910e-03
3.214469999999999871e-04
1.114144000000000072e-03
-3.819933000000000074e-04
1.485252000000000057e-04
-9.434631000000000235e-05
-1.205552000000000007e-04
-2.541515999999999741e-04
5.630881999999999598e-04
5.036434999999999697e-04
-3.587556000000000317e-05
1.614585999999999994e-04
1.248928999999999914e-04
-1.679336000000000145e-05
1.737398999999999931e-04
-1.185453000000000049e-04
-2.691131999999999834e-04
2.324577000000000089e-04
3.317261999999999750e-04
-1.455297000000000036e-04
-1.181311999999999982e-04
-4.022410000000000135e-04
2.688471000000000098e-05
-1.902197000000000111e-04
-1.654117999999999940e-04
1.550651000000000004e-04
5.178730999999999867e-06
8.156152999999999971e-04
1.888953999999999872e-04
-3.612118000000000100e-04
3.133977999999999829e-04
5.945037000000000455e-04
1.157100999999999952e-04
-3.113238999999999959e-04
2.866958000000000071e-04
2.863845999999999753e-04
4.549431000000000048e-04
2.756208000000000022e-05
-3.057440000000000326e-05
2.507846999999999843e-05
5.608570000000000005e-04
4.323174000000000157e-04
-3.509243999999999905e-05
8.826946999999999701e-05
2.827557999999999873e-04
1.456239999999999969e-05
2.278278000000000009e-04
-7.959749000000000080e-06
-1.070483999999999965e-04
5.332715000000000458e-04
1.401267999999999947e-04
3.931911000000000173e-04
2.112104000000000065e-04
6.119749999999999539e-04
3.747069000000000224e-04
2.532804999999999952e-04
2.128828999999999943e-04
-1.662052000000000126e-04
-2.374377000000000052e-04
-2.926202999999999942e-04
-8.544247000000000528e-05
-2.554963999999999955e-04
-5.489078999999999898e-05
-1.484872000000000036e-04
1.862392000000000040e-04
-9.701882000000000160e-05
4.344379999999999900e-05
7.738511999999999474e-04
-2.364328999999999975e-04
-3.288968000000000322e-05
9.780310000000000826e-04
1.222022999999999870e-04
1.118883999999999976e-04
2.457105000000000118e-04
5.485123000000000169e-04
5.700986000000000172e-05
4.804122999999999879e-04
-6.174632999999999467e-04
1.206155000000000042e-04
1.323882999999999874e-04
1.159183000000000045e-04
1.258525000000000084e-04
-7.037862999999999942e-05
2.004041999999999879e-04
5.839134999999999618e-06
1.024846000000000047e-03
-5.516513999999999577e-06
1.596323999999999931e-04
8.601008000000000373e-05
7.774709000000000307e-04
3.635810000000000008e-05
1.912886000000000035e-04
1.269653000000000090e-04
3.812115000000000143e-04
4.017992999999999868e-04
1.802460000000000086e-04
-4.396577000000000037e-04
3.422383000000000196e-04
5.034770000000000044e-04
5.196455999999999905e-04
3.020273999999999875e-04
-3.568301000000000177e-04
-3.197092999999999918e-04
6.546911000000000039e-05
2.169225999999999956e-04
2.267798999999999867e-04
-7.499202000000000439e-05
1.098777000000000000e-04
2.724633000000000176e-04
1.399285000000000004e-04
2.869915999999999917e-04
1.653272999999999917e-04
1.018253999999999958e-04
2.092112999999999937e-04
1.678534999999999880e-04
5.078285999999999781e-04
2.128166999999999982e-04
-2.692042999999999867e-04
3.360409999999999764e-04
7.152637000000000311e-06
6.490127999999999739e-04
3.820027000000000145e-04
2.804657000000000005e-04
8.792961999999999653e-04
-5.039557999999999972e-04
-3.376848999999999964e-05
1.668538000000000117e-04
-6.427495000000000029e-05
-5.499895000000000304e-05
3.476975999999999895e-04
6.728418999999999589e-04
1.459752000000000013e-05
2.118261000000000080e-04
8.852453000000000470e-05
-1.516390999999999963e-04
-4.329318999999999876e-04
3.938891999999999827e-04
3.836236000000000246e-04
-5.288164000000000146e-04
1.979639000000000106e-04
2.360916000000000013e-04
1.764342000000000124e-04
9.148146000000000554e-05
1.612763000000000130e-04
2.817692999999999993e-05
-4.963685000000000232e-04
2.665031999999999796e-04
1.570141000000000050e-04
1.830812999999999983e-04
3.424487999999999729e-04
3.602476999999999763e-04
1.715997000000000030e-04
1.848576999999999903e-04
2.125673000000000138e-05
-5.617753999999999814e-05
1.112387999999999962e-04
9.579898999999999468e-05
-1.788419999999999929e-04
2.102732999999999913e-04
7.607544000000000155e-04
8.788220999999999490e-04
-1.887410000000000010e-04
-3.086736000000000189e-04
-1.261978999999999933e-04
-1.892987999999999908e-04
3.520318000000000064e-05
9.997125999999998989e-07
2.020482999999999947e-04
-3.707183999999999978e-04
-4.831182000000000054e-04
-2.270996000000000169e-05
8.987400000000000044e-05
-1.558993000000000000e-04
8.505757999999999548e-05
4.476435000000000180e-04
-2.843564000000000139e-04
1.843383000000000033e-04
-6.525668999999999405e-05
1.278421999999999870e-04
-1.039451999999999954e-04
6.103562000000000093e-04
-6.384990000000000001e-05
1.714386999999999888e-04
8.440999000000000462e-04
-1.212899000000000057e-04
3.142229999999999763e-04
5.466178999999999830e-05
-9.133087999999999520e-06
7.351459000000000184e-06
1.483401999999999984e-03
3.816963999999999730e-05
1.625088999999999917e-03
-1.061475000000000092e-03
-8.869004999999999901e-04
8.588981000000000632e-05
2.498695000000000104e-04
3.542075999999999797e-04
4.822124000000000115e-04
8.182692000000000090e-04
-1.177321999999999961e-03
-4.102175000000000005e-04
8.946161999999999474e-04
5.515166999999999639e-04
1.330734000000000083e-03
8.114501999999999783e-04
1.797672999999999958e-04
6.598631999999999844e-06
-3.394485000000000145e-04
2.686407999999999938e-03
-1.165266999999999996e-03
-6.110949000000000502e-04
-4.274260999999999902e-04
-4.496495999999999783e-04
1.713047000000000094e-03
9.722590999999999178e-03
2.472213999999999922e-03
-6.768348999999999459e-04
1.954095999999999785e-03
-1.383952999999999995e-04
-2.724699999999999849e-05
3.607327000000000233e-04
-1.541676999999999978e-04
-6.591877000000000110e-05
2.661866999999999836e-04
9.012393999999999961e-04
2.290800999999999862e-03
-1.076130999999999919e-03
1.298123000000000039e-04
2.643944999999999976e-03
1.892351999999999923e-03
2.405036000000000153e-03
4.250448000000000203e-04
2.667090000000000107e-04
4.265887000000000324e-03
7.059892999999999594e-04
4.402653000000000079e-04
7.188017000000000538e-04
-1.262691999999999938e-03
-9.424932999999999705e-04
1.609287000000000098e-04
2.673273999999999844e-05
-7.586195999999999695e-04
-9.398499999999999953e-04
-2.651889000000000047e-04
1.842978999999999961e-04
6.838378999999999465e-04
7.053063000000000041e-03
5.982289000000000009e-04
-7.327909999999999437e-05
6.101166000000000532e-04
3.704815999999999936e-05
3.015671999999999949e-04
8.032532000000000430e-04
5.360380000000000337e-05
3.581387999999999803e-04
4.109830999999999988e-04
-4.835562000000000307e-05
3.420156000000000259e-04
-6.638037999999999582e-06
1.315800000000000006e-05
5.029172000000000373e-04
-1.997353000000000052e-04
-7.317788000000000417e-04
-8.725757999999999475e-04
-5.494802000000000453e-04
6.840824000000000286e-05
-5.296899000000000529e-04
1.815003999999999945e-04
2.321182000000000030e-04
-3.603928000000000166e-04
1.115764999999999981e-05
-3.570892000000000098e-04
3.668182999999999774e-04
5.157485999999999971e-04
3.456016000000000014e-04
2.022884000000000129e-05
-5.000786999999999594e-04
2.384901000000000089e-04
1.565022000000000006e-04
2.423218000000000014e-06
-2.857232999999999822e-04
-2.538996000000000178e-04
-5.653047000000000155e-05
-2.718481000000000239e-04
-1.338865000000000064e-04
-4.862026000000000330e-05
-4.828440000000000141e-04
9.609753999999999540e-05
4.448408999999999849e-04
7.660311999999999850e-04
-5.894948000000000332e-04
-5.527060999999999563e-04
2.494539999999999735e-04
5.950798000000000415e-04
7.507790999999999553e-04
1.430089999999999964e-03
7.749884999999999543e-04
7.657099000000000327e-04
8.480013999999999478e-04
2.479339000000000217e-04
4.767325000000000100e-04
7.857046000000000125e-04
8.358271999999999924e-04
-3.484725999999999948e-04
4.604482999999999872e-05
1.159669000000000026e-04
4.521665999999999815e-04
5.040612999999999778e-04
5.282080000000000087e-05
1.503479999999999910e-04
3.235245999999999890e-04
2.954065999999999984e-04
-1.076469000000000037e-03
3.705377999999999949e-04
1.321983000000000045e-04
-1.047958000000000038e-04
-5.890853000000000365e-04
4.819762000000000221e-04
-6.293266999999999525e-04
-4.328641000000000151e-04
-2.185928999999999921e-04
-4.492249000000000025e-04
-1.837501000000000065e-03
-1.175636999999999993e-03
-1.290448999999999882e-04
-2.369264999999999956e-04
-6.959812000000000171e-05
1.351811999999999925e-04
2.622166999999999901e-03
6.444590000000000041e-04
2.373333000000000040e-03
8.052552000000000147e-05
-2.520937000000000221e-04
9.258041999999999747e-04
4.368088999999999913e-04
1.415058000000000071e-03
1.733114999999999916e-03
1.732662999999999955e-03
6.130943000000000026e-04
2.297340999999999999e-04
-9.850730000000000467e-05
-8.950846000000000258e-05
2.146786000000000083e-04
-6.457385999999999909e-05
-8.091716999999999627e-05
6.776746999999999578e-05
-5.510216000000000506e-04
-2.042055000000000085e-03
-7.707212000000000503e-05
-9.437539999999999905e-04
-7.941362000000000421e-04
8.160363000000000122e-05
-2.086666999999999949e-03
-5.539197999999999952e-05
1.243764999999999975e-04
-1.356084000000000022e-03
-2.822194999999999836e-05
-5.605753999999999929e-05
-1.407742999999999928e-03
1.144442999999999979e-04
-2.796957000000000197e-04
-1.218684000000000043e-03
2.642281000000000122e-05
-5.147119999999999604e-04
3.241778999999999917e-05
-2.067039000000000116e-04
-1.120050999999999946e-03
-1.416588000000000092e-03
4.356337999999999964e-04
-7.437780999999999863e-04
3.788902999999999932e-04
6.432253999999999554e-05
1.083231999999999999e-04
3.738022000000000241e-04
3.936712000000000265e-06
2.188784999999999949e-04
-9.071072999999999810e-04
1.908762000000000140e-05
2.285491999999999835e-05
7.905898000000000179e-05
-8.670833000000000403e-04
-3.627271999999999853e-04
8.392561999999999895e-04
3.513193999999999757e-04
-3.245575000000000109e-04
-5.755609000000000208e-05
3.927003999999999781e-04
6.012026999999999893e-05
5.447239000000000313e-05
1.189843000000000053e-04
-2.588511999999999858e-05
-1.155725999999999919e-05
1.126243999999999986e-04
-1.351180999999999964e-04
-1.032285999999999962e-05
-5.093378000000000212e-05
6.314229999999999886e-04
-1.081754000000000092e-03
-9.082886000000000301e-04
9.493401999999999744e-05
3.031520000000000005e-04
1.732089999999999878e-04
1.157692000000000096e-03
-1.171790999999999935e-03
-1.130881999999999992e-04
9.070755999999999589e-05
-4.638926000000000247e-04
-4.232136999999999965e-04
-1.685183000000000091e-04
1.795834000000000059e-04
2.086506999999999978e-04
-2.789498000000000173e-04
-2.432434000000000028e-04
-4.339898000000000236e-04
-6.450085000000000367e-04
-1.957356999999999901e-04
-2.971742999999999781e-04
-4.631689999999999695e-05
5.666338000000000364e-04
-2.101902000000000056e-04
2.317205000000000119e-05
-2.131166999999999784e-03
-1.985922000000000208e-03
-3.874468000000000053e-04
-2.086877999999999910e-04
-3.321525999999999884e-04
1.873196999999999948e-04
