0.0279713505
0.0667983924
0.0588010123
0.1132893971
0.1159603134
0.0387874525
0.0317863322
0.0766021981
0.0327213649
0.0546351324
0.0058590504
0.0891723605
0.0338793667
0.1028245137
0.0760073466
0.0020434947
0.0481522449
0.0794707008
0.0764220355
0.0577890604
0.0560230213
0.0724151772
0.0420253626
0.0478055025
0.0684874227
0.0642054155
0.0523232076
0.0490728147
0.0699264448
0.0460004244
0.0290969520
0.0750551863
0.0732708269
0.0418514991
0.0628194386
0.0884964909
0.0333773628
0.0732566500
0.0815658026
0.0358093393
0.0556520224
0.0749841856
0.0829867198
0.0589461184
0.1041220012
0.0794107231
0.0176816021
0.0223472264
0.0145864262
0.0736549938
0.0820068191
0.0601216761
0.0516690282
0.0852971413
0.0437102342
0.0826248732
0.0345319410
0.0600004924
0.0313164486
0.0724318039
0.0885028973
0.1113422068
0.0706054431
0.0798113609
0.0791405557
0.1118548939
0.0547871680
0.0823412211
0.0327420455
-0.0024483492
0.0236067866
0.0743257892
0.0652686861
0.1168282217
0.0365712383
0.0707453112
0.0836339346
0.0724936561
0.0629600482
0.1061407447
0.0647372880
0.0570792505
0.0662965543
0.0886391949
0.1006342103
0.0187974912
0.0518261829
0.0492416894
0.0542328692
0.0670306930
0.0450887158
0.0760048914
0.0734650511
0.1009029733
0.0767452689
-0.0051264953
0.0613746729
0.0655320583
0.0454524789
0.0699132244
0.0790350576
0.0284182602
0.0657796352
0.0222288231
0.0941178166
0.0723843633
0.0455766389
0.0445336634
0.0639697460
0.0919997286
0.0852517319
0.0541521092
0.0677656083
0.0468448327
0.0996648756
0.0713689387
0.0817338610
0.0816600588
0.0244314771
0.0695175484
0.0614956022
0.1081720300
0.0538413536
0.0328448734
0.0514314418
0.0786267815
0.0829255835
0.0578621625
0.0627018764
0.0386290323
0.0456010153
0.0664763638
0.0738871623
0.0643964303
0.1143580867
0.0802191111
0.0552883359
0.0069050942
0.0761958348
0.0640718533
0.0778426551
0.1197133207
0.0233169126
0.0972367895
0.0565212523
0.0546010339
0.0254517177
0.0511952229
0.0680093832
0.0866796398
0.0797148984
0.1107851591
0.0539327542
0.0842189891
0.0848966043
0.0615839199
0.0761780304
0.0552987788
0.1002140179
0.0706883772
0.0702299825
0.0488412202
0.0966561608
0.0385709497
0.0768721668
0.0394806970
0.0810012694
0.0613716837
0.0325638245
0.0243006492
0.0249235926
0.1209122070
0.0361348818
0.0708975261
0.0421050787
0.0647330054
0.0220804502
0.0078576104
0.0847776576
0.0561363196
0.0839433263
0.0898968908
0.0789793033
0.0867532002
0.0886066977
0.0772029826
0.0154238258
0.0982151256
0.0514533087
0.0307194099
0.0115460244
0.0591813439
0.1503126685
0.0417534599
0.0834482856
0.0539101733
0.0811211105
0.0174080202
0.0388835777
0.0641081352
0.0529615819
0.0670070905
0.0788775795
0.0627804490
0.0846035954
0.0324852403
0.0579105641
0.0607618042
0.0659068890
0.0886781494
0.0619956041
0.0252370304
0.0786329494
0.0997101599
0.0555655704
0.0774369903
0.0814103533
0.0763732269
0.0796643398
0.0348580921
0.0683475434
0.0652795227
0.0604796722
0.0543808912
0.0451128342
0.0901412889
0.0575717071
0.1004576728
0.0816689517
0.0833479315
0.0531482487
0.0662008012
0.1151320621
0.0578095938
0.0734754948
0.0399769823
0.1087160172
0.1183578205
0.1004823376
0.0746781047
0.0833531953
0.0873821556
0.0781139678
0.0407795467
0.0466938875
0.0503245673
0.0512305688
0.0497286100
0.0440034797
0.0507531553
0.0353024912
0.0788731199
0.0818134827
0.0687969645
0.0881891706
0.0281515488
0.0399021011
0.0579962112
0.0495212975
0.0600779606
0.0459641657
0.0260544596
0.0978524593
0.0427056290
0.1279934619
0.0786163876
0.0435516514
0.0489959987
0.0695435616
0.0574709070
0.0274744417
0.0623911781
0.0562309326
0.0751408019
0.0804089210
0.0665913561
0.0838208255
0.0397899582
0.0814479917
0.0713703156
0.0850960560
0.1032846651
0.0461843916
0.0744903011
-0.0163997816
0.0894966209
0.0762459733
0.0362519399
0.1125761129
0.0395273576
0.1100378586
0.0351757169
0.0910231868
0.0657219878
0.0560057057
0.0764138802
0.0598148463
0.0399676177
0.0198396526
0.0391883018
0.1102159805
0.0728158366
0.0804658367
0.0314277744
0.0666819696
0.0686273662
0.0524720731
0.0854430178
-0.0089905387
0.0843864958
0.0748667635
0.0351686594
0.0646367072
0.0475228965
0.0425258182
0.0029873539
0.0469464846
0.0745000973
0.1112275702
0.0581961450
0.0336006227
0.0562399288
0.0428907519
0.0359068271
0.0525623099
0.0696124123
0.0488278899
0.0496109951
0.0458394890
0.0440957681
0.0660007863
0.0521373846
0.0543796480
0.0645242014
0.0468150873
0.0662448685
0.1011334693
0.0737835653
0.0010749484
0.0725876463
0.0585601069
0.0545665540
0.0500026761
0.0463296179
0.0744251862
0.0720292737
0.0434099247
0.0880087144
0.0454932487
0.0839877590
0.0406985741
0.0381320786
0.0736045429
0.0632993940
0.0923673634
0.0357716727
0.0710865626
0.0717969270
0.0492344819
0.0288517353
0.0501693358
0.0874038732
0.0352575308
0.0440688579
0.1312237451
0.0780388006
0.0374198173
0.0185788711
0.0636144527
0.0803175547
0.0877087699
0.0641336046
0.0698224741
0.1247198007
0.0937483292
0.0472078167
0.0703522135
0.0582708080
0.0529934570
0.1117408533
0.0412487343
0.0543972451
0.0539691990
0.0526078986
0.1083589829
0.0285869372
0.0768749045
0.0571880969
0.0838941524
0.1037009669
0.1035213865
0.0181060630
0.0379117886
0.0556314206
0.0622474640
0.0610372526
0.0265461211
0.0763301690
0.0540524627
0.0471135398
0.0782127566
0.0464448234
0.0345843564
0.0549308075
0.0602127561
0.0630859258
0.0227451163
0.0537527291
0.0740960876
0.0596459315
0.0777137337
0.0671695605
0.0066190497
0.0527948058
0.0603707639
0.0347102399
0.0220404703
0.0939536758
0.0010847535
0.0632660867
0.0732812695
0.0148372808
0.0748537773
0.0660548876
0.0747541252
0.0703961370
0.0381814964
0.0536231373
0.0313571888
0.0375221382
0.0613131904
0.0228037060
0.0386036989
0.1019823951
0.0626320177
0.0391734688
0.1033762096
0.0590762799
0.0347039761
0.0908426942
0.0492262786
0.0462037370
0.0320251085
0.0700181491
0.0807853465
0.0895221852
0.0754917708
0.0927077138
0.0312018233
0.0505976354
0.1151538526
0.0471313908
0.0713604645
0.0812189838
0.0943797896
0.0474208742
0.0664241657
0.0459003079
0.0174607015
0.1163059076
0.0280090928
0.0722526987
0.0864795236
0.0424069863
0.0570362254
0.0829903131
0.0705251520
0.1036427479
0.0504157555
0.1057094436
0.0411210263
0.1079182494
0.0616942930
0.1284392166
0.0471789352
0.0549142040
0.0020288321
0.0696224767
0.0463907249
0.0506542801
0.0122370431
0.0314607416
0.0530199013
0.0498625119
0.0327507431
0.0238210746
0.0422707926
0.0694025381
0.1000937790
0.0753119729
0.0789873072
0.1034191008
0.0821956709
0.0869134076
0.0605374820
0.1099970706
0.0418377285
0.0285721702
0.0801057923
0.0166305781
0.0851338415
0.0549171418
0.0513667892
0.0752230091
