0.0008379516
-0.0012922830
-0.0003367026
0.0006581635
0.0008613108
0.0011627180
0.0012322260
-0.0020180610
0.0018262340
0.0001207584
0.0003809003
0.0005391808
-0.0000101963
0.0001185977
-0.0000431087
-0.0000443562
0.0007339438
-0.0002314592
-0.0000498757
0.0003068855
0.0001141487
0.0002755861
0.0004020735
0.0001178896
0.0001555976
0.0000534955
0.0007646751
0.0004941235
-0.0000243607
0.0003000396
0.0001380863
-0.0002910482
-0.0006437002
-0.0003333027
-0.0000807990
-0.0008363966
-0.0005496014
-0.0001420957
-0.0006827500
-0.0006263315
-0.0006116787
-0.0001332229
-0.0004521316
-0.0010293510
-0.0007964353
0.0001919375
0.0003483330
0.0001722659
0.0000255516
0.0003259184
-0.0039327850
0.0002530763
0.0002468959
0.0001205693
-0.0009562351
0.0002042140
0.0012422260
-0.0003972482
-0.0002511641
0.0003464451
-0.0004414362
-0.0002993545
-0.0003632327
-0.0000701685
-0.0003894445
-0.0001535602
0.0003540851
-0.0004483969
-0.0002308525
-0.0001794914
0.0005124940
-0.0002402426
0.0000070445
0.0002805759
0.0004450603
0.0003926790
-0.0002081618
0.0000431168
0.0014370360
0.0002614673
0.0002163842
0.0009648950
0.0001857647
0.0011247110
0.0001210210
0.0002771352
0.0000685498
-0.0000497536
0.0000634557
-0.0001043803
0.0001355580
-0.0000379457
0.0001247184
-0.0001659411
-0.0001880127
-0.0000309200
-0.0000854122
0.0000666694
0.0001206258
-0.0007161967
-0.0003599045
-0.0007759956
-0.0007110187
-0.0006198920
-0.0022560340
-0.0000963564
-0.0006640636
-0.0002670292
-0.0002208596
-0.0000935360
0.0005924469
-0.0001814297
-0.0003389402
-0.0001901073
-0.0004018732
0.0002603567
0.0003154304
0.0002979897
-0.0002028236
-0.0001544541
-0.0006923950
-0.0010248460
-0.0013258190
0.0007007042
-0.0003498546
0.0001853597
0.0005119111
0.0000276272
0.0002727712
0.0000086587
0.0002869823
0.0000895728
-0.0001514155
0.0010610380
-0.0005730836
0.0004078911
-0.0002464110
0.0003535766
0.0003392255
0.0001645312
0.0002855406
-0.0007308980
-0.0008766456
0.0004112932
-0.0013267480
-0.0001236365
0.0003375765
0.0003046588
-0.0003183795
-0.0000066723
-0.0000607013
-0.0001117978
0.0000982649
-0.0005383420
0.0000007601
-0.0002693498
-0.0001081374
0.0005717348
0.0007879819
-0.0006014520
0.0000899365
0.0002526387
0.0000245195
-0.0018291300
-0.0083591900
-0.0008133159
-0.0001919999
0.0010488680
0.0008786295
-0.0002994459
-0.0003923746
-0.0002006894
-0.0001495894
0.0005489477
0.0003471955
0.0003523843
0.0004119971
0.0006417964
0.0009014341
-0.0000370209
-0.0001234252
-0.0005428458
-0.0001820586
-0.0005775986
-0.0004581680
-0.0002574961
-0.0001613515
-0.0003440756
-0.0002097885
-0.0004028186
0.0001212123
-0.0000259223
-0.0000322906
0.0003182807
0.0001815210
-0.0000605093
-0.0001671034
0.0000513084
-0.0000295207
-0.0000086460
-0.0001459661
0.0001153224
-0.0002751228
0.0001443477
0.0007701424
0.0000394062
0.0002122540
0.0005677146
-0.0002155477
-0.0000672356
0.0000281258
-0.0002602458
0.0001314802
0.0007556082
0.0006119356
0.0003030002
0.0006709879
-0.0000043768
0.0000426739
0.0001832498
0.0004785631
0.0002813495
0.0001945176
-0.0001888726
0.0000997509
-0.0000044441
0.0002683157
-0.0001860345
0.0005207594
-0.0001504303
-0.0001779969
-0.0004072435
0.0008600881
-0.0006245430
-0.0007414994
-0.0000307168
0.0003155841
-0.0010863430
-0.0014721540
0.0006577084
0.0001480277
-0.0015787390
0.0005771899
0.0009686824
0.0008457121
0.0008178481
0.0001957667
-0.0017061530
-0.0014983890
-0.0009081264
0.0004678573
0.0006108099
0.0002340982
0.0007908061
-0.0001916213
-0.0017071200
-0.0001786102
0.0001179486
-0.0012801280
0.0003301457
0.0005703315
0.0006745562
0.0006756995
-0.0004629407
0.0003885026
0.0012290240
0.0015289740
-0.0001224810
-0.0006628011
-0.0005247459
-0.0004786295
0.0004564711
-0.0003280081
-0.0000473182
-0.0002570340
-0.0010993170
0.0008471815
0.0003123107
0.0000497577
-0.0000177222
0.0002167502
0.0000372586
-0.0004266194
0.0002777594
0.0003321455
0.0003540003
0.0004818694
0.0001708036
0.0001440053
0.0005649277
-0.0000840651
-0.0015374950
-0.0005209744
-0.0002780905
-0.0001064944
-0.0008961435
-0.0003110972
-0.0005777184
-0.0000667891
-0.0001285583
-0.0002083552
-0.0002960607
-0.0001780744
-0.0001739954
-0.0006414694
-0.0002088541
-0.0000514736
-0.0000228047
0.0002748245
-0.0003406561
-0.0002151343
-0.0003005577
-0.0005718020
0.0003707846
0.0003792714
0.0000582893
-0.0001263653
0.0002584906
-0.0000657908
0.0000894401
0.0000369419
-0.0001124626
0.0001542052
0.0001114636
-0.0000723155
-0.0000305483
-0.0002127668
-0.0002338944
-0.0003351886
-0.0002667084
-0.0000074539
-0.0001141215
-0.0004101652
-0.0003260704
0.0002324321
0.0002047651
-0.0006397457
0.0004557560
-0.0002094131
0.0000919829
0.0002384384
-0.0000294964
0.0001097596
-0.0000169344
-0.0003038726
0.0004257096
-0.0003915413
-0.0001135479
0.0001688134
0.0001520197
-0.0008580137
0.0003463243
0.0002793372
0.0006166210
0.0005538842
0.0004272292
0.0000446393
-0.0000822678
0.0000286005
-0.0003581796
-0.0001531788
-0.0001360071
0.0004176678
0.0001958891
-0.0004083091
0.0006342355
0.0004089138
0.0005116117
0.0003530163
0.0002115853
0.0000622173
0.0003843273
0.0008343858
-0.0000869712
0.0004007147
0.0006331431
0.0000659435
0.0000137631
0.0005887477
-0.0000143625
-0.0001501287
-0.0001078943
0.0007139918
0.0009365948
0.0001878552
0.0010102220
-0.0002795511
-0.0000399627
0.0002227257
0.0002676391
-0.0000075338
0.0008264148
0.0011567440
0.0056509040
-0.0021917010
-0.0004650420
-0.0006134428
0.0010478540
-0.0008100845
-0.0024079830
-0.0023949680
-0.0003033658
-0.0001824067
0.0008851248
0.0025528710
0.0011920340
-0.0000370856
0.0002857676
-0.0005236871
0.0001849974
0.0000183500
-0.0000477403
-0.0001801243
-0.0007956549
-0.0004806718
-0.0002084104
-0.0007974025
-0.0001484496
-0.0003595008
-0.0002336674
-0.0002818085
-0.0005044905
-0.0000181628
0.0002309213
-0.0004250609
-0.0003888508
-0.0004578299
-0.0005490653
-0.0006299582
-0.0001220388
-0.0002334266
-0.0004183456
-0.0001667045
-0.0003018920
-0.0005264376
-0.0000695815
-0.0002427902
-0.0003583557
0.0000657974
-0.0005930030
-0.0004773418
-0.0001712718
-0.0003250937
-0.0004260800
-0.0006287539
-0.0001642835
-0.0000992998
-0.0000733623
0.0000381516
-0.0001795793
-0.0004311561
-0.0002537111
-0.0003969032
-0.0003948657
-0.0003107275
-0.0001533028
-0.0002634999
-0.0003769989
-0.0000686488
-0.0004022338
-0.0003559435
-0.0001730501
-0.0005389284
-0.0009092483
-0.0005590726
-0.0001991090
-0.0007332571
-0.0005883929
-0.0004272303
-0.0005882352
-0.0005984694
-0.0002866237
-0.0009429443
0.0012633910
0.0013996750
0.0002883785
0.0011600710
-0.0003618633
0.0003111182
-0.0002455173
0.0000065010
-0.0001786801
0.0001802062
0.0000895861
-0.0000032710
-0.0001002763
0.0000885285
0.0000163986
-0.0000050273
0.0002221020
-0.0000702307
0.0002462942
0.0004954510
0.0000557583
0.0001605496
-0.0005153731
0.0003571498
-0.0003134183
-0.0002396889
-0.0000488998
0.0009520681
0.0003464575
0.0000208237
-0.0002895812
0.0003496783
0.0007744782
0.0001663500
-0.0002736378
0.0005103213
-0.0001097574
0.0009306357
0.0002768247
0.0000362017
0.0003334888
0.0005308592
0.0006132154
0.0000295827
0.0004466104
0.0003457363
0.0003587407
0.0004053696
0.0001739275
-0.0001703247
0.0002250537
0.0003300412
0.0007720222
0.0003126100
0.0003606123
0.0004622947
0.0002680157
0.0001040517
-0.0002422754
-0.0001023759
-0.0001824278
0.0000257041
-0.0002718202
0.0001004541
-0.0001471267
0.0002977430
-0.0001479063
0.0003295622
0.0004787170
-0.0001546367
0.0001796393
0.0006305854
-0.0001725972
0.0001918659
-0.0000971372
0.0002821727
-0.0000338925
0.0000873816
-0.0001211637
0.0000255918
0.0000034746
0.0001862642
0.0000920036
0.0005368446
0.0002761211
0.0002360956
0.0011832760
0.0001528489
0.0003034792
0.0002942970
0.0001582819
0.0001086214
0.0002523082
-0.0000485076
0.0002013433
0.0000889525
0.0000814340
-0.0001971628
0.0004539044
0.0007695960
0.0002101667
0.0002452051
-0.0003292034
-0.0002792237
0.0000125177
0.0000576773
0.0000986746
0.0003982864
0.0003282966
0.0002802864
0.0000515811
-0.0000709237
0.0002248264
0.0001191843
0.0000971343
0.0000768982
0.0005121914
0.0003135598
-0.0004067724
0.0004533609
0.0004435371
0.0002345860
0.0003024248
-0.0001573529
0.0002650421
-0.0000287068
0.0000492191
-0.0002544204
0.0001200376
0.0003455194
-0.0000944663
0.0003430677
-0.0002114432
0.0003753979
-0.0001907398
-0.0000098831
-0.0003409202
0.0003271316
0.0003636872
-0.0003365286
0.0003560109
0.0002531542
-0.0000451210
-0.0000016322
0.0000770812
0.0000299890
-0.0005396810
0.0000594039
0.0002085261
0.0002297611
0.0004456587
0.0004255088
0.0000382815
0.0000961583
0.0001071798
0.0000909867
0.0000101910
0.0000712966
-0.0001287158
0.0001040137
0.0001457796
0.0009565156
-0.0001541089
-0.0000623751
-0.0000239497
-0.0001814529
-0.0000249721
0.0000800138
0.0000592927
-0.0002309924
-0.0003115519
0.0000011092
-0.0000038484
-0.0002789348
0.0000508266
0.0001343669
-0.0003590128
0.0003011015
0.0003827399
0.0002911099
-0.0002747091
0.0009019928
-0.0000330666
0.0001698194
0.0005800057
0.0001131595
0.0001529997
0.0000709862
-0.0000205861
0.0000302843
0.0012994820
0.0001186563
0.0015327370
-0.0008814860
-0.0007475443
0.0001852016
0.0004106338
0.0003645731
0.0002205044
0.0006863690
-0.0012952120
-0.0001151387
0.0008603333
0.0002603258
0.0012743200
0.0010608890
0.0001394762
0.0003179790
-0.0001376128
0.0012995620
-0.0008259353
-0.0006284093
-0.0002692967
-0.0006320249
0.0020111360
0.0084732260
0.0034226800
-0.0005870627
0.0015135960
-0.0000250084
0.0000188254
0.0000382769
-0.0001526719
0.0000014219
0.0002149956
0.0009451519
0.0019824710
-0.0009707311
0.0000836837
0.0020179510
0.0015521340
0.0024388590
0.0004445006
0.0001513101
0.0043784930
0.0006761699
0.0007153255
0.0007292575
-0.0008327865
-0.0008491280
0.0002433509
0.0001186603
-0.0006075890
-0.0007597238
-0.0004767444
0.0007319905
0.0004942554
0.0063656010
0.0004605496
-0.0003096564
0.0004414755
0.0002720022
0.0002615158
0.0007600148
-0.0000668031
0.0006318020
0.0004854989
-0.0002215456
0.0000927797
-0.0002130911
-0.0000543417
0.0006808115
0.0002079246
-0.0005060693
-0.0007051293
-0.0007154073
0.0000355799
-0.0005962997
0.0003490639
0.0000105056
-0.0002684214
0.0000160432
-0.0004237470
0.0004529067
0.0003682373
0.0002947693
0.0001335890
-0.0003670546
0.0004399374
0.0000792369
0.0002350535
-0.0003715155
-0.0001319351
0.0001264872
-0.0002807996
0.0000112865
-0.0001654723
-0.0005513364
0.0001317943
0.0004196281
0.0005177189
-0.0005359927
-0.0004442378
0.0000305366
0.0003104932
0.0005784819
0.0008135405
0.0009862215
0.0005539156
0.0007319836
0.0003634598
0.0006064909
0.0008200664
0.0004778309
-0.0003586015
0.0000712044
-0.0000421592
0.0001878751
0.0000966503
-0.0001234842
0.0002667545
0.0002207706
0.0002122890
-0.0012230230
0.0004819859
0.0002081263
0.0000312961
-0.0001713049
0.0005744035
-0.0002248705
-0.0002853928
-0.0007276811
-0.0003577990
-0.0012933960
-0.0009953614
0.0002535000
-0.0001947871
-0.0000888247
0.0003755005
0.0034599320
0.0006467337
0.0018598880
0.0000304870
-0.0001110008
0.0010101000
0.0005950808
0.0014738570
0.0016231570
0.0016268170
0.0003556812
0.0005987758
-0.0002624881
0.0002080182
-0.0002688166
-0.0001415537
-0.0000961779
0.0006093907
-0.0005383702
-0.0022241490
-0.0001121930
-0.0010265930
-0.0006343562
0.0002870185
-0.0010032070
-0.0001365462
0.0002283388
-0.0018545990
0.0000123916
-0.0000298733
-0.0022736900
0.0003224256
-0.0000192439
-0.0004330698
-0.0003534229
-0.0006836672
-0.0000155752
-0.0002209510
-0.0006797275
-0.0016168300
0.0003469740
-0.0006959805
0.0004808881
0.0002500997
-0.0001069840
0.0000909239
-0.0000717414
0.0000931563
-0.0007071868
-0.0000704177
-0.0000049775
0.0000323651
-0.0007831170
-0.0002210997
0.0005064986
0.0000771998
-0.0004441530
0.0000901926
0.0004370380
-0.0000132504
0.0000545108
-0.0000134940
-0.0000453568
0.0000582528
0.0001292554
0.0000197905
-0.0002641923
-0.0000465461
0.0003526627
-0.0007801763
-0.0005406323
0.0000169438
0.0003103267
0.0002023085
0.0017215030
-0.0005684487
-0.0000348708
0.0000574614
-0.0003206026
-0.0003307449
0.0001202456
0.0002007542
0.0002294588
-0.0002434522
-0.0004098196
-0.0004577304
-0.0003559231
-0.0001822396
-0.0002809886
-0.0003923250
0.0005823742
-0.0002729122
-0.0000564333
-0.0016905170
-0.0025397960
-0.0005484114
-0.0002771221
-0.0003556334
0.0003255630
