0.06679619075556742
0.054231215113743896
0.053159781555680935
0.08290685153108139
0.07300631221338225
0.06797640204437813
0.05492552176187565
0.08604487651818839
0.07088629755220935
0.05682363075875852
0.08017354343694452
0.07511860344047336
0.08320224879786052
0.03592101002750143
0.06294025210547213
0.06434849478860862
0.06062601484488713
0.048899503384313134
0.08803146466962701
0.05855220813587504
0.07837309403407959
0.060109168374056755
0.08693166122910574
0.04142554773542563
0.08624608477803815
0.08567306485792109
0.08062337273663821
0.10498898746945606
0.07734737727820434
0.0498941517218492
-0.003953805192176693
0.03646480904077638
0.05039313564554752
0.06268067789822852
0.07537368199333055
0.05014194239003005
0.06357115186937667
0.07347851884478966
0.09554681772707274
0.03882835122751714
0.06824928629782837
0.05928678532800628
0.07099238544237063
0.06790521926047721
0.030409400526589178
0.052315656911859555
0.05488074150924666
0.08225548264561836
0.04245698940893197
0.062406461395071604
0.08826060058964465
0.04473492338941658
0.04838707933883185
0.07043227164517674
0.05451036377187092
0.07576891428522704
0.06265146132701548
0.06485210057356265
0.0744746023599089
0.07665692464179173
0.06673921903043827
0.05864160189806993
0.0822739051833717
0.06613149818877115
0.07165477317321359
0.08666999270150655
0.045930171736203916
0.05398521773208094
0.04981935424533753
0.010155063545096814
0.09139207635268427
0.07859413846701156
0.0183314658888913
0.07449207260204416
0.07300862961035687
0.07487901914007634
0.08894729372516524
0.0778063522059865
0.046503301919110535
0.0312171797716641
0.051779542560798954
0.08456221178467142
0.06354290591090486
0.07685345213532592
0.06968950744861571
0.08256332605610141
0.09528778445047613
0.08826385152687032
0.10133310762976058
0.06510489220855875
0.054673944986054206
0.06728530162990023
0.08976905217777544
0.10006216426751387
0.055620334352695894
0.07226001833341832
0.05574290655399694
0.061372457208563574
0.07736337192590471
0.08813567544336266
0.07065007741051195
0.06378934024777744
0.11131841228868163
0.06424217368594715
0.051756497996052066
0.05229009150317605
0.07216393763536265
0.060387357679378716
0.055285583487982445
0.07495660995174241
0.0951360112461444
0.03748381630044305
0.06934103343866715
0.06558455732793222
0.03852257430441555
0.042363067088206356
0.060478933428961434
0.06770537885764283
0.05742047078505351
0.09005966410908527
0.08839026636471525
0.05647420410750162
0.08115456703229063
0.08230231679005749
0.046212340385275746
0.05593698755075145
0.05614855147403311
0.0679408128666462
0.08075955679814677
0.06316773249554351
0.0538394904424592
0.050277311369264166
0.0748359300936549
0.05860628780387863
0.0493720767836816
0.038778216003831086
0.08282007965746385
0.05773811798301485
0.0915621126299282
0.09477829621890327
0.051466618266977265
0.07697997737635054
0.07119025252722055
0.06375650065737824
0.07233658776115529
0.07786079909715851
0.0603258864365966
0.07219903588157366
0.06726675491819906
0.08720411691433465
0.06737418172303587
0.038063330349016634
0.05958237328438513
0.05877150427316541
0.041467486500869004
0.07931726450291626
0.04764095736197534
0.04264938829467729
0.05025036612351241
0.04194371216739551
0.06908876419543984
0.05475956909095043
0.09428883774834668
0.03844358896391449
0.06373867253651373
0.08220179181679324
0.03603013986861987
0.0328632494842698
0.08502293659292058
0.048989977361865784
0.06974544775603173
0.04573252318312332
0.10245537844327082
0.046485343017137866
0.07075171936426107
0.08125115996224978
0.06406900052165643
0.06054621971210875
0.05775820933489153
0.06474692006867969
0.05859583029332045
0.06120669869692471
0.041350705247251235
0.07776697694739963
0.03232159649264131
0.05989358243609976
0.090273937764633
0.08238767291492288
0.03614137812003934
0.05574063925561382
0.03738801925571437
0.04676303473823759
0.060409905021054484
0.072702026637404
0.08509286241303128
0.08570321402533919
0.09258953595734629
0.04922225077593684
0.04544220918963129
0.05144143860674684
0.0514484110426268
